0602/01/2026   00000000114730000006000000,00 217 94100004958677,6902/01/202601 00000097830,15000,00          8030716967871         00000000000000                              00000000000000000000000
0612/01/2026   00000000114740000006512220,00 217 31100005382000,0012/01/202601 00000322248,00000,00          8030554807301         00000000000000                              00000000000000000000000
0612/01/2026   00000000114750000014599569,60 217 31100012065760,0012/01/202601 00000723273,60000,00          8020935764980         00000000000000                              00000000000000000000000
0612/01/2026   00000000114760000001095554,00 217 31100001095554,0012/01/202601 00000065061,24000,00          8030715135015         00000000000000                              00000000000000000000000
0614/01/2026   00000000114920000000292633,00 217 94100000241845,5714/01/202601 00000003493,51000,00          8030688642260         00000000000000                              00000000000000000000000
0614/01/2026   00000000114940000000631155,98 217 94100000479526,4814/01/202601 00000008247,13000,00          8030500064478         00000000000000                              00000000000000000000000
0619/01/2026   00000000115140000000367658,50 217 78100000303850,0019/01/202601 00000001597,00000,00          8033712058159         00000000000000                              00000000000000000000000
0622/01/2026   00000000115280000000587306,41 217 78100000485377,2022/01/202601 00000005227,54000,00          8023129655399         00000000000000                              00000000000000000000000
0622/01/2026   00000000115290000000735686,64 217 94100000608005,4922/01/202601 00000010816,71000,00          8020245415541         00000000000000                              00000000000000000000000
0622/01/2026   00000000115300000003313429,47 217 78100002738371,4622/01/202601 00000050287,43000,00          8030588562111         00000000000000                              00000000000000000000000
0622/01/2026   00000000115320000001866771,89 217 78100001542786,6922/01/202601 00000026375,73000,00          8030714203920         00000000000000                              00000000000000000000000
0623/01/2026   00000000115330000003327520,34 217 78100002750016,8323/01/202601 00000050520,34000,00          8030582716052         00000000000000                              00000000000000000000000
0623/01/2026   00000000115340000000654339,57 217 78100000540631,6723/01/202601 00000006332,63000,00          8030708390409         00000000000000                              00000000000000000000000
0623/01/2026   00000000115360000000485452,00 217 78100000401200,0023/01/202601 00000003544,00000,00          8030710671245         00000000000000                              00000000000000000000000
0623/01/2026   00000000115370000000484000,00 217 94100000400000,0023/01/202601 00000008000,00000,00          8020245415541         00000000000000                              00000000000000000000000
0623/01/2026   00000000115380000000600000,00 217 78100000495867,7723/01/202601 00000005437,36000,00          8030631810582         00000000000000                              00000000000000000000000
0623/01/2026   00000000115400000001000000,00 217119100000826446,2823/01/202601 00000115330,50000,00          8020259062544         00000000000000                              00000000000000000000000
0623/01/2026   00000000115410000000800000,00 217 78100000660137,8623/01/202601 00000008722,76000,00          8020203493127         00000000000000                              00000000000000000000000
0623/01/2026   00000000115430000000449361,82 217 78100000371373,4123/01/202601 00000002947,47000,00          8030711751803         00000000000000                              00000000000000000000000
0623/01/2026   00000000115440000000418176,00 217 78100000345600,0023/01/202601 00000002432,00000,00          8033718363999         00000000000000                              00000000000000000000000
0623/01/2026   00000000115450000000589270,00 217 94100000487000,0023/01/202601 00000008396,60000,00          8027056753686         00000000000000                              00000000000000000000000
0629/01/2026   00000000115640000008652961,62 217 78100007168096,0729/01/202601 00000138881,92000,00          8030707981403         00000000000000                              00000000000000000000000
0629/01/2026   00000000115670000002334507,02 217 78100001929344,6429/01/202601 00000038591,05000,00          8030695484220         00000000000000                              00000000000000000000000
0629/01/2026   00000000115680000000668125,70 217 78100000552170,0029/01/202601 00000006563,40000,00          8020298469104         00000000000000                              00000000000000000000000
0629/01/2026   00000000115690000002132956,20 217 78100001762773,7229/01/202601 00000030775,47000,00          8020141427866         00000000000000                              00000000000000000000000
0629/01/2026   00000000115700000000326700,00 217119100000270000,0029/01/202601 00000076277,85000,00          8020259062544         00000000000000                              00000000000000000000000
0629/01/2026   00000000115720000000997911,20 217 78100000824720,0029/01/202601 00000012014,40000,00          8030697752605         00000000000000                              00000000000000000000000
0629/01/2026   00000000115760000000322046,35 217 94100000261613,6029/01/202601 00000003888,87000,00          8033698796109         00000000000000                              00000000000000000000000
0630/01/2026   00000000115790000006990845,09 217 78100005777557,9230/01/202601 00000115551,16000,00          8030714203920         00000000000000                              00000000000000000000000
